,광역시도,시군,pop,moon,hong,ahn,ID,rate_moon,rate_hong,rate_ahn,y,x,moon_vs_hong,moon_vs_ahn,ahn_vs_hong
0,서울특별시,종로구,102566.0,42512.0,22325.0,22313.0,서울 종로,41.44843320398572,21.766472320262075,21.75477253670807,4.0,6.0,19.681960883723647,19.69366066727765,-0.011699783554004028
1,서울특별시,중구,82852.0,34062.0,17901.0,19372.0,서울 중구,41.11186211557959,21.605996234249023,23.381451262492153,5.0,6.0,19.505865881330568,17.730410853087438,1.7754550282431296
2,서울특별시,용산구,148157.0,58081.0,35230.0,32109.0,서울 용산,39.202332660623526,23.778829214954406,21.672280081265143,6.0,6.0,15.42350344566912,17.530052579358383,-2.1065491336892634
3,서울특별시,성동구,203175.0,86686.0,40566.0,45674.0,서울 성동,42.66568229358927,19.966039128829827,22.48012796850006,5.0,7.0,22.699643164759443,20.18555432508921,2.514088839670233
4,서울특별시,광진구,240030.0,105512.0,46368.0,52824.0,서울 광진,43.957838603507895,19.31758530183727,22.00724909386327,6.0,7.0,24.640253301670626,21.950589509644626,2.689663792026
5,서울특별시,동대문구,236092.0,98958.0,51631.0,53359.0,서울 동대문,41.91501618013317,21.86901716280094,22.60093522863968,4.0,7.0,20.04599901733223,19.31408095149349,0.731918065838741
6,서울특별시,중랑구,265706.0,111450.0,56545.0,62778.0,서울 중랑,41.9448563449828,21.28103994640693,23.626865783986812,4.0,8.0,20.66381639857587,18.31799056099599,2.3458258375798806
7,서울특별시,성북구,295866.0,129263.0,57584.0,66518.0,서울 성북,43.6897108826293,19.462864945617273,22.482475174572272,3.0,6.0,24.226845937012026,21.207235708057027,3.019610228954999
8,서울특별시,강북구,210614.0,89645.0,42268.0,51669.0,서울 강북,42.563647240924155,20.068941285954402,24.532557189930394,3.0,5.0,22.494705954969753,18.03109005099376,4.463615903975992
9,서울특별시,도봉구,229233.0,94898.0,47461.0,55600.0,서울 도봉,41.39805350887525,20.70426160282333,24.254797520426816,2.0,5.0,20.69379190605192,17.143255988448434,3.5505359176034865
10,서울특별시,노원구,374213.0,158167.0,67590.0,96325.0,서울 노원,42.26657010846764,18.061905919890545,25.74068779010884,2.0,6.0,24.204664188577095,16.5258823183588,7.678781870218295
11,서울특별시,은평구,317275.0,140180.0,60109.0,72582.0,서울 은평,44.18249152943031,18.9453943739658,22.87668426443937,5.0,4.0,25.237097155464507,21.30580726499094,3.9312898904735682
12,서울특별시,서대문구,212076.0,93768.0,40513.0,46237.0,서울 서대문,44.214338256096866,19.103057394518945,21.802089816858107,4.0,5.0,25.11128086157792,22.41224843923876,2.6990324223391617
13,서울특별시,마포구,256992.0,117336.0,46547.0,52545.0,서울 마포,45.65745237205827,18.11223695679243,20.446161748225624,5.0,5.0,27.545215415265844,25.21129062383265,2.333924791433194
14,서울특별시,양천구,310886.0,133853.0,60814.0,71816.0,서울 양천,43.05533217964141,19.56151129352882,23.100429096196034,7.0,4.0,23.49382088611259,19.954903083445377,3.538917802667214
15,서울특별시,강서구,397108.0,175882.0,76601.0,88128.0,서울 강서,44.290721919477825,19.28971463682424,22.19245142379403,6.0,4.0,25.001007282653585,22.098270495683796,2.9027367869697898
16,서울특별시,구로구,278805.0,121077.0,59194.0,61734.0,서울 구로,43.42712648625383,21.23132655440182,22.1423575617367,9.0,4.0,22.19579993185201,21.284768924517135,0.9110310073348771
17,서울특별시,금천구,155010.0,67423.0,31106.0,36695.0,서울 금천,43.49590349009741,20.06709244564867,23.672666279594864,8.0,5.0,23.428811044448743,19.823237210502548,3.6055738339461954
18,서울특별시,영등포구,248833.0,105834.0,53615.0,53994.0,서울 영등포,42.53214002965844,21.546579432792274,21.698890420482815,8.0,4.0,20.98556059686617,20.833249609175628,0.15231098769054086
19,서울특별시,동작구,276685.0,121722.0,54431.0,60305.0,서울 동작,43.99298841643024,19.67255181885538,21.795543668793034,6.0,5.0,24.320436597574858,22.197444747637203,2.122991849937655
20,서울특별시,관악구,351240.0,159854.0,59914.0,79495.0,서울 관악,45.51133128345291,17.057852180845007,22.632672816307938,7.0,5.0,28.453479102607904,22.878658467144973,5.574820635462931
21,서울특별시,서초구,292916.0,106416.0,74891.0,63977.0,서울 서초,36.32986931406956,25.56739816193038,21.84141528629368,7.0,6.0,10.762471152139181,14.48845402777588,-3.7259828756366993
22,서울특별시,강남구,365642.0,128927.0,97639.0,80201.0,서울 강남,35.26044601003167,26.703442164740377,21.934296388270493,8.0,6.0,8.557003845291295,13.326149621761179,-4.769145776469884
23,서울특별시,송파구,441198.0,177328.0,98549.0,99018.0,서울 송파,40.192385278265085,22.33668330318814,22.44298478234262,6.0,8.0,17.855701975076947,17.749400495922465,0.10630147915448163
24,서울특별시,강동구,297476.0,122511.0,65893.0,67499.0,서울 강동,41.18349043284164,22.150694509809192,22.69056999556267,5.0,8.0,19.032795923032445,18.49292043727897,0.5398754857534769
25,부산광역시,종로구,102566.0,42512.0,22325.0,22313.0,부산 종로,41.44843320398572,21.766472320262075,21.75477253670807,,,19.681960883723647,19.69366066727765,-0.011699783554004028
26,부산광역시,중구,82852.0,34062.0,17901.0,19372.0,부산 중구,41.11186211557959,21.605996234249023,23.381451262492153,18.0,11.0,19.505865881330568,17.730410853087438,1.7754550282431296
27,부산광역시,용산구,148157.0,58081.0,35230.0,32109.0,부산 용산,39.202332660623526,23.778829214954406,21.672280081265143,,,15.42350344566912,17.530052579358383,-2.1065491336892634
28,부산광역시,성동구,203175.0,86686.0,40566.0,45674.0,부산 성동,42.66568229358927,19.966039128829827,22.48012796850006,,,22.699643164759443,20.18555432508921,2.514088839670233
29,부산광역시,광진구,240030.0,105512.0,46368.0,52824.0,부산 광진,43.957838603507895,19.31758530183727,22.00724909386327,,,24.640253301670626,21.950589509644626,2.689663792026
30,부산광역시,동대문구,236092.0,98958.0,51631.0,53359.0,부산 동대문,41.91501618013317,21.86901716280094,22.60093522863968,,,20.04599901733223,19.31408095149349,0.731918065838741
31,부산광역시,중랑구,265706.0,111450.0,56545.0,62778.0,부산 중랑,41.9448563449828,21.28103994640693,23.626865783986812,,,20.66381639857587,18.31799056099599,2.3458258375798806
32,부산광역시,성북구,295866.0,129263.0,57584.0,66518.0,부산 성북,43.6897108826293,19.462864945617273,22.482475174572272,,,24.226845937012026,21.207235708057027,3.019610228954999
33,부산광역시,강북구,210614.0,89645.0,42268.0,51669.0,부산 강북,42.563647240924155,20.068941285954402,24.532557189930394,,,22.494705954969753,18.03109005099376,4.463615903975992
34,부산광역시,도봉구,229233.0,94898.0,47461.0,55600.0,부산 도봉,41.39805350887525,20.70426160282333,24.254797520426816,,,20.69379190605192,17.143255988448434,3.5505359176034865
35,부산광역시,노원구,374213.0,158167.0,67590.0,96325.0,부산 노원,42.26657010846764,18.061905919890545,25.74068779010884,,,24.204664188577095,16.5258823183588,7.678781870218295
36,부산광역시,은평구,317275.0,140180.0,60109.0,72582.0,부산 은평,44.18249152943031,18.9453943739658,22.87668426443937,,,25.237097155464507,21.30580726499094,3.9312898904735682
37,부산광역시,서대문구,212076.0,93768.0,40513.0,46237.0,부산 서대문,44.214338256096866,19.103057394518945,21.802089816858107,,,25.11128086157792,22.41224843923876,2.6990324223391617
38,부산광역시,마포구,256992.0,117336.0,46547.0,52545.0,부산 마포,45.65745237205827,18.11223695679243,20.446161748225624,,,27.545215415265844,25.21129062383265,2.333924791433194
39,부산광역시,양천구,310886.0,133853.0,60814.0,71816.0,부산 양천,43.05533217964141,19.56151129352882,23.100429096196034,,,23.49382088611259,19.954903083445377,3.538917802667214
40,부산광역시,강서구,397108.0,175882.0,76601.0,88128.0,부산 강서,44.290721919477825,19.28971463682424,22.19245142379403,18.0,8.0,25.001007282653585,22.098270495683796,2.9027367869697898
41,부산광역시,구로구,278805.0,121077.0,59194.0,61734.0,부산 구로,43.42712648625383,21.23132655440182,22.1423575617367,,,22.19579993185201,21.284768924517135,0.9110310073348771
42,부산광역시,금천구,155010.0,67423.0,31106.0,36695.0,부산 금천,43.49590349009741,20.06709244564867,23.672666279594864,,,23.428811044448743,19.823237210502548,3.6055738339461954
43,부산광역시,영등포구,248833.0,105834.0,53615.0,53994.0,부산 영등포,42.53214002965844,21.546579432792274,21.698890420482815,,,20.98556059686617,20.833249609175628,0.15231098769054086
44,부산광역시,동작구,276685.0,121722.0,54431.0,60305.0,부산 동작,43.99298841643024,19.67255181885538,21.795543668793034,,,24.320436597574858,22.197444747637203,2.122991849937655
45,부산광역시,관악구,351240.0,159854.0,59914.0,79495.0,부산 관악,45.51133128345291,17.057852180845007,22.632672816307938,,,28.453479102607904,22.878658467144973,5.574820635462931
46,부산광역시,서초구,292916.0,106416.0,74891.0,63977.0,부산 서초,36.32986931406956,25.56739816193038,21.84141528629368,,,10.762471152139181,14.48845402777588,-3.7259828756366993
47,부산광역시,강남구,365642.0,128927.0,97639.0,80201.0,부산 강남,35.26044601003167,26.703442164740377,21.934296388270493,,,8.557003845291295,13.326149621761179,-4.769145776469884
48,부산광역시,송파구,441198.0,177328.0,98549.0,99018.0,부산 송파,40.192385278265085,22.33668330318814,22.44298478234262,,,17.855701975076947,17.749400495922465,0.10630147915448163
49,부산광역시,강동구,297476.0,122511.0,65893.0,67499.0,부산 강동,41.18349043284164,22.150694509809192,22.69056999556267,,,19.032795923032445,18.49292043727897,0.5398754857534769
50,대구광역시,종로구,102566.0,42512.0,22325.0,22313.0,대구 종로,41.44843320398572,21.766472320262075,21.75477253670807,,,19.681960883723647,19.69366066727765,-0.011699783554004028
51,대구광역시,중구,82852.0,34062.0,17901.0,19372.0,대구 중구,41.11186211557959,21.605996234249023,23.381451262492153,14.0,9.0,19.505865881330568,17.730410853087438,1.7754550282431296
52,대구광역시,용산구,148157.0,58081.0,35230.0,32109.0,대구 용산,39.202332660623526,23.778829214954406,21.672280081265143,,,15.42350344566912,17.530052579358383,-2.1065491336892634
53,대구광역시,성동구,203175.0,86686.0,40566.0,45674.0,대구 성동,42.66568229358927,19.966039128829827,22.48012796850006,,,22.699643164759443,20.18555432508921,2.514088839670233
54,대구광역시,광진구,240030.0,105512.0,46368.0,52824.0,대구 광진,43.957838603507895,19.31758530183727,22.00724909386327,,,24.640253301670626,21.950589509644626,2.689663792026
55,대구광역시,동대문구,236092.0,98958.0,51631.0,53359.0,대구 동대문,41.91501618013317,21.86901716280094,22.60093522863968,,,20.04599901733223,19.31408095149349,0.731918065838741
56,대구광역시,중랑구,265706.0,111450.0,56545.0,62778.0,대구 중랑,41.9448563449828,21.28103994640693,23.626865783986812,,,20.66381639857587,18.31799056099599,2.3458258375798806
57,대구광역시,성북구,295866.0,129263.0,57584.0,66518.0,대구 성북,43.6897108826293,19.462864945617273,22.482475174572272,,,24.226845937012026,21.207235708057027,3.019610228954999
58,대구광역시,강북구,210614.0,89645.0,42268.0,51669.0,대구 강북,42.563647240924155,20.068941285954402,24.532557189930394,,,22.494705954969753,18.03109005099376,4.463615903975992
59,대구광역시,도봉구,229233.0,94898.0,47461.0,55600.0,대구 도봉,41.39805350887525,20.70426160282333,24.254797520426816,,,20.69379190605192,17.143255988448434,3.5505359176034865
60,대구광역시,노원구,374213.0,158167.0,67590.0,96325.0,대구 노원,42.26657010846764,18.061905919890545,25.74068779010884,,,24.204664188577095,16.5258823183588,7.678781870218295
61,대구광역시,은평구,317275.0,140180.0,60109.0,72582.0,대구 은평,44.18249152943031,18.9453943739658,22.87668426443937,,,25.237097155464507,21.30580726499094,3.9312898904735682
62,대구광역시,서대문구,212076.0,93768.0,40513.0,46237.0,대구 서대문,44.214338256096866,19.103057394518945,21.802089816858107,,,25.11128086157792,22.41224843923876,2.6990324223391617
63,대구광역시,마포구,256992.0,117336.0,46547.0,52545.0,대구 마포,45.65745237205827,18.11223695679243,20.446161748225624,,,27.545215415265844,25.21129062383265,2.333924791433194
64,대구광역시,양천구,310886.0,133853.0,60814.0,71816.0,대구 양천,43.05533217964141,19.56151129352882,23.100429096196034,,,23.49382088611259,19.954903083445377,3.538917802667214
65,대구광역시,강서구,397108.0,175882.0,76601.0,88128.0,대구 강서,44.290721919477825,19.28971463682424,22.19245142379403,,,25.001007282653585,22.098270495683796,2.9027367869697898
66,대구광역시,구로구,278805.0,121077.0,59194.0,61734.0,대구 구로,43.42712648625383,21.23132655440182,22.1423575617367,,,22.19579993185201,21.284768924517135,0.9110310073348771
67,대구광역시,금천구,155010.0,67423.0,31106.0,36695.0,대구 금천,43.49590349009741,20.06709244564867,23.672666279594864,,,23.428811044448743,19.823237210502548,3.6055738339461954
68,대구광역시,영등포구,248833.0,105834.0,53615.0,53994.0,대구 영등포,42.53214002965844,21.546579432792274,21.698890420482815,,,20.98556059686617,20.833249609175628,0.15231098769054086
69,대구광역시,동작구,276685.0,121722.0,54431.0,60305.0,대구 동작,43.99298841643024,19.67255181885538,21.795543668793034,,,24.320436597574858,22.197444747637203,2.122991849937655
70,대구광역시,관악구,351240.0,159854.0,59914.0,79495.0,대구 관악,45.51133128345291,17.057852180845007,22.632672816307938,,,28.453479102607904,22.878658467144973,5.574820635462931
71,대구광역시,서초구,292916.0,106416.0,74891.0,63977.0,대구 서초,36.32986931406956,25.56739816193038,21.84141528629368,,,10.762471152139181,14.48845402777588,-3.7259828756366993
72,대구광역시,강남구,365642.0,128927.0,97639.0,80201.0,대구 강남,35.26044601003167,26.703442164740377,21.934296388270493,,,8.557003845291295,13.326149621761179,-4.769145776469884
73,대구광역시,송파구,441198.0,177328.0,98549.0,99018.0,대구 송파,40.192385278265085,22.33668330318814,22.44298478234262,,,17.855701975076947,17.749400495922465,0.10630147915448163
74,대구광역시,강동구,297476.0,122511.0,65893.0,67499.0,대구 강동,41.18349043284164,22.150694509809192,22.69056999556267,,,19.032795923032445,18.49292043727897,0.5398754857534769
75,인천광역시,종로구,102566.0,42512.0,22325.0,22313.0,인천 종로,41.44843320398572,21.766472320262075,21.75477253670807,,,19.681960883723647,19.69366066727765,-0.011699783554004028
76,인천광역시,중구,82852.0,34062.0,17901.0,19372.0,인천 중구,41.11186211557959,21.605996234249023,23.381451262492153,9.0,1.0,19.505865881330568,17.730410853087438,1.7754550282431296
77,인천광역시,용산구,148157.0,58081.0,35230.0,32109.0,인천 용산,39.202332660623526,23.778829214954406,21.672280081265143,,,15.42350344566912,17.530052579358383,-2.1065491336892634
78,인천광역시,성동구,203175.0,86686.0,40566.0,45674.0,인천 성동,42.66568229358927,19.966039128829827,22.48012796850006,,,22.699643164759443,20.18555432508921,2.514088839670233
79,인천광역시,광진구,240030.0,105512.0,46368.0,52824.0,인천 광진,43.957838603507895,19.31758530183727,22.00724909386327,,,24.640253301670626,21.950589509644626,2.689663792026
80,인천광역시,동대문구,236092.0,98958.0,51631.0,53359.0,인천 동대문,41.91501618013317,21.86901716280094,22.60093522863968,,,20.04599901733223,19.31408095149349,0.731918065838741
81,인천광역시,중랑구,265706.0,111450.0,56545.0,62778.0,인천 중랑,41.9448563449828,21.28103994640693,23.626865783986812,,,20.66381639857587,18.31799056099599,2.3458258375798806
82,인천광역시,성북구,295866.0,129263.0,57584.0,66518.0,인천 성북,43.6897108826293,19.462864945617273,22.482475174572272,,,24.226845937012026,21.207235708057027,3.019610228954999
83,인천광역시,강북구,210614.0,89645.0,42268.0,51669.0,인천 강북,42.563647240924155,20.068941285954402,24.532557189930394,,,22.494705954969753,18.03109005099376,4.463615903975992
84,인천광역시,도봉구,229233.0,94898.0,47461.0,55600.0,인천 도봉,41.39805350887525,20.70426160282333,24.254797520426816,,,20.69379190605192,17.143255988448434,3.5505359176034865
85,인천광역시,은평구,317275.0,140180.0,60109.0,72582.0,인천 은평,44.18249152943031,18.9453943739658,22.87668426443937,,,25.237097155464507,21.30580726499094,3.9312898904735682
86,인천광역시,서대문구,212076.0,93768.0,40513.0,46237.0,인천 서대문,44.214338256096866,19.103057394518945,21.802089816858107,,,25.11128086157792,22.41224843923876,2.6990324223391617
87,인천광역시,마포구,256992.0,117336.0,46547.0,52545.0,인천 마포,45.65745237205827,18.11223695679243,20.446161748225624,,,27.545215415265844,25.21129062383265,2.333924791433194
88,인천광역시,양천구,310886.0,133853.0,60814.0,71816.0,인천 양천,43.05533217964141,19.56151129352882,23.100429096196034,,,23.49382088611259,19.954903083445377,3.538917802667214
89,인천광역시,강서구,397108.0,175882.0,76601.0,88128.0,인천 강서,44.290721919477825,19.28971463682424,22.19245142379403,,,25.001007282653585,22.098270495683796,2.9027367869697898
90,인천광역시,구로구,278805.0,121077.0,59194.0,61734.0,인천 구로,43.42712648625383,21.23132655440182,22.1423575617367,,,22.19579993185201,21.284768924517135,0.9110310073348771
91,인천광역시,금천구,155010.0,67423.0,31106.0,36695.0,인천 금천,43.49590349009741,20.06709244564867,23.672666279594864,,,23.428811044448743,19.823237210502548,3.6055738339461954
92,인천광역시,영등포구,248833.0,105834.0,53615.0,53994.0,인천 영등포,42.53214002965844,21.546579432792274,21.698890420482815,,,20.98556059686617,20.833249609175628,0.15231098769054086
93,인천광역시,동작구,276685.0,121722.0,54431.0,60305.0,인천 동작,43.99298841643024,19.67255181885538,21.795543668793034,,,24.320436597574858,22.197444747637203,2.122991849937655
94,인천광역시,관악구,351240.0,159854.0,59914.0,79495.0,인천 관악,45.51133128345291,17.057852180845007,22.632672816307938,,,28.453479102607904,22.878658467144973,5.574820635462931
95,인천광역시,서초구,292916.0,106416.0,74891.0,63977.0,인천 서초,36.32986931406956,25.56739816193038,21.84141528629368,,,10.762471152139181,14.48845402777588,-3.7259828756366993
96,인천광역시,강남구,365642.0,128927.0,97639.0,80201.0,인천 강남,35.26044601003167,26.703442164740377,21.934296388270493,,,8.557003845291295,13.326149621761179,-4.769145776469884
97,인천광역시,송파구,441198.0,177328.0,98549.0,99018.0,인천 송파,40.192385278265085,22.33668330318814,22.44298478234262,,,17.855701975076947,17.749400495922465,0.10630147915448163
98,인천광역시,강동구,297476.0,122511.0,65893.0,67499.0,인천 강동,41.18349043284164,22.150694509809192,22.69056999556267,,,19.032795923032445,18.49292043727897,0.5398754857534769
99,광주광역시,종로구,102566.0,42512.0,22325.0,22313.0,광주 종로,41.44843320398572,21.766472320262075,21.75477253670807,,,19.681960883723647,19.69366066727765,-0.011699783554004028
100,광주광역시,중구,82852.0,34062.0,17901.0,19372.0,광주 중구,41.11186211557959,21.605996234249023,23.381451262492153,,,19.505865881330568,17.730410853087438,1.7754550282431296
101,광주광역시,용산구,148157.0,58081.0,35230.0,32109.0,광주 용산,39.202332660623526,23.778829214954406,21.672280081265143,,,15.42350344566912,17.530052579358383,-2.1065491336892634
102,광주광역시,성동구,203175.0,86686.0,40566.0,45674.0,광주 성동,42.66568229358927,19.966039128829827,22.48012796850006,,,22.699643164759443,20.18555432508921,2.514088839670233
103,광주광역시,광진구,240030.0,105512.0,46368.0,52824.0,광주 광진,43.957838603507895,19.31758530183727,22.00724909386327,,,24.640253301670626,21.950589509644626,2.689663792026
104,광주광역시,동대문구,236092.0,98958.0,51631.0,53359.0,광주 동대문,41.91501618013317,21.86901716280094,22.60093522863968,,,20.04599901733223,19.31408095149349,0.731918065838741
105,광주광역시,중랑구,265706.0,111450.0,56545.0,62778.0,광주 중랑,41.9448563449828,21.28103994640693,23.626865783986812,,,20.66381639857587,18.31799056099599,2.3458258375798806
106,광주광역시,성북구,295866.0,129263.0,57584.0,66518.0,광주 성북,43.6897108826293,19.462864945617273,22.482475174572272,,,24.226845937012026,21.207235708057027,3.019610228954999
107,광주광역시,강북구,210614.0,89645.0,42268.0,51669.0,광주 강북,42.563647240924155,20.068941285954402,24.532557189930394,,,22.494705954969753,18.03109005099376,4.463615903975992
108,광주광역시,도봉구,229233.0,94898.0,47461.0,55600.0,광주 도봉,41.39805350887525,20.70426160282333,24.254797520426816,,,20.69379190605192,17.143255988448434,3.5505359176034865
109,광주광역시,노원구,374213.0,158167.0,67590.0,96325.0,광주 노원,42.26657010846764,18.061905919890545,25.74068779010884,,,24.204664188577095,16.5258823183588,7.678781870218295
110,광주광역시,은평구,317275.0,140180.0,60109.0,72582.0,광주 은평,44.18249152943031,18.9453943739658,22.87668426443937,,,25.237097155464507,21.30580726499094,3.9312898904735682
111,광주광역시,서대문구,212076.0,93768.0,40513.0,46237.0,광주 서대문,44.214338256096866,19.103057394518945,21.802089816858107,,,25.11128086157792,22.41224843923876,2.6990324223391617
112,광주광역시,마포구,256992.0,117336.0,46547.0,52545.0,광주 마포,45.65745237205827,18.11223695679243,20.446161748225624,,,27.545215415265844,25.21129062383265,2.333924791433194
113,광주광역시,양천구,310886.0,133853.0,60814.0,71816.0,광주 양천,43.05533217964141,19.56151129352882,23.100429096196034,,,23.49382088611259,19.954903083445377,3.538917802667214
114,광주광역시,강서구,397108.0,175882.0,76601.0,88128.0,광주 강서,44.290721919477825,19.28971463682424,22.19245142379403,,,25.001007282653585,22.098270495683796,2.9027367869697898
115,광주광역시,구로구,278805.0,121077.0,59194.0,61734.0,광주 구로,43.42712648625383,21.23132655440182,22.1423575617367,,,22.19579993185201,21.284768924517135,0.9110310073348771
116,광주광역시,금천구,155010.0,67423.0,31106.0,36695.0,광주 금천,43.49590349009741,20.06709244564867,23.672666279594864,,,23.428811044448743,19.823237210502548,3.6055738339461954
117,광주광역시,영등포구,248833.0,105834.0,53615.0,53994.0,광주 영등포,42.53214002965844,21.546579432792274,21.698890420482815,,,20.98556059686617,20.833249609175628,0.15231098769054086
118,광주광역시,동작구,276685.0,121722.0,54431.0,60305.0,광주 동작,43.99298841643024,19.67255181885538,21.795543668793034,,,24.320436597574858,22.197444747637203,2.122991849937655
119,광주광역시,관악구,351240.0,159854.0,59914.0,79495.0,광주 관악,45.51133128345291,17.057852180845007,22.632672816307938,,,28.453479102607904,22.878658467144973,5.574820635462931
120,광주광역시,서초구,292916.0,106416.0,74891.0,63977.0,광주 서초,36.32986931406956,25.56739816193038,21.84141528629368,,,10.762471152139181,14.48845402777588,-3.7259828756366993
121,광주광역시,강남구,365642.0,128927.0,97639.0,80201.0,광주 강남,35.26044601003167,26.703442164740377,21.934296388270493,,,8.557003845291295,13.326149621761179,-4.769145776469884
122,광주광역시,송파구,441198.0,177328.0,98549.0,99018.0,광주 송파,40.192385278265085,22.33668330318814,22.44298478234262,,,17.855701975076947,17.749400495922465,0.10630147915448163
123,광주광역시,강동구,297476.0,122511.0,65893.0,67499.0,광주 강동,41.18349043284164,22.150694509809192,22.69056999556267,,,19.032795923032445,18.49292043727897,0.5398754857534769
124,대전광역시,종로구,102566.0,42512.0,22325.0,22313.0,고성(강원),41.44843320398572,21.766472320262075,21.75477253670807,0.0,10.0,19.681960883723647,19.69366066727765,-0.011699783554004028
125,대전광역시,중구,82852.0,34062.0,17901.0,19372.0,대전 중구,41.11186211557959,21.605996234249023,23.381451262492153,15.0,5.0,19.505865881330568,17.730410853087438,1.7754550282431296
126,대전광역시,용산구,148157.0,58081.0,35230.0,32109.0,대전 용산,39.202332660623526,23.778829214954406,21.672280081265143,,,15.42350344566912,17.530052579358383,-2.1065491336892634
127,대전광역시,성동구,203175.0,86686.0,40566.0,45674.0,대전 성동,42.66568229358927,19.966039128829827,22.48012796850006,,,22.699643164759443,20.18555432508921,2.514088839670233
128,대전광역시,광진구,240030.0,105512.0,46368.0,52824.0,대전 광진,43.957838603507895,19.31758530183727,22.00724909386327,,,24.640253301670626,21.950589509644626,2.689663792026
129,대전광역시,동대문구,236092.0,98958.0,51631.0,53359.0,대전 동대문,41.91501618013317,21.86901716280094,22.60093522863968,,,20.04599901733223,19.31408095149349,0.731918065838741
130,대전광역시,중랑구,265706.0,111450.0,56545.0,62778.0,대전 중랑,41.9448563449828,21.28103994640693,23.626865783986812,,,20.66381639857587,18.31799056099599,2.3458258375798806
131,대전광역시,성북구,295866.0,129263.0,57584.0,66518.0,대전 성북,43.6897108826293,19.462864945617273,22.482475174572272,,,24.226845937012026,21.207235708057027,3.019610228954999
132,대전광역시,강북구,210614.0,89645.0,42268.0,51669.0,대전 강북,42.563647240924155,20.068941285954402,24.532557189930394,,,22.494705954969753,18.03109005099376,4.463615903975992
133,대전광역시,도봉구,229233.0,94898.0,47461.0,55600.0,대전 도봉,41.39805350887525,20.70426160282333,24.254797520426816,,,20.69379190605192,17.143255988448434,3.5505359176034865
134,대전광역시,노원구,374213.0,158167.0,67590.0,96325.0,대전 노원,42.26657010846764,18.061905919890545,25.74068779010884,,,24.204664188577095,16.5258823183588,7.678781870218295
135,대전광역시,은평구,317275.0,140180.0,60109.0,72582.0,대전 은평,44.18249152943031,18.9453943739658,22.87668426443937,,,25.237097155464507,21.30580726499094,3.9312898904735682
136,대전광역시,서대문구,212076.0,93768.0,40513.0,46237.0,대전 서대문,44.214338256096866,19.103057394518945,21.802089816858107,,,25.11128086157792,22.41224843923876,2.6990324223391617
137,대전광역시,마포구,256992.0,117336.0,46547.0,52545.0,대전 마포,45.65745237205827,18.11223695679243,20.446161748225624,,,27.545215415265844,25.21129062383265,2.333924791433194
138,대전광역시,양천구,310886.0,133853.0,60814.0,71816.0,대전 양천,43.05533217964141,19.56151129352882,23.100429096196034,,,23.49382088611259,19.954903083445377,3.538917802667214
139,대전광역시,강서구,397108.0,175882.0,76601.0,88128.0,대전 강서,44.290721919477825,19.28971463682424,22.19245142379403,,,25.001007282653585,22.098270495683796,2.9027367869697898
140,대전광역시,구로구,278805.0,121077.0,59194.0,61734.0,대전 구로,43.42712648625383,21.23132655440182,22.1423575617367,,,22.19579993185201,21.284768924517135,0.9110310073348771
141,대전광역시,금천구,155010.0,67423.0,31106.0,36695.0,대전 금천,43.49590349009741,20.06709244564867,23.672666279594864,,,23.428811044448743,19.823237210502548,3.6055738339461954
142,대전광역시,영등포구,248833.0,105834.0,53615.0,53994.0,대전 영등포,42.53214002965844,21.546579432792274,21.698890420482815,,,20.98556059686617,20.833249609175628,0.15231098769054086
143,대전광역시,동작구,276685.0,121722.0,54431.0,60305.0,대전 동작,43.99298841643024,19.67255181885538,21.795543668793034,,,24.320436597574858,22.197444747637203,2.122991849937655
144,대전광역시,관악구,351240.0,159854.0,59914.0,79495.0,대전 관악,45.51133128345291,17.057852180845007,22.632672816307938,,,28.453479102607904,22.878658467144973,5.574820635462931
145,대전광역시,서초구,292916.0,106416.0,74891.0,63977.0,대전 서초,36.32986931406956,25.56739816193038,21.84141528629368,,,10.762471152139181,14.48845402777588,-3.7259828756366993
146,대전광역시,강남구,365642.0,128927.0,97639.0,80201.0,대전 강남,35.26044601003167,26.703442164740377,21.934296388270493,,,8.557003845291295,13.326149621761179,-4.769145776469884
147,대전광역시,송파구,441198.0,177328.0,98549.0,99018.0,대전 송파,40.192385278265085,22.33668330318814,22.44298478234262,,,17.855701975076947,17.749400495922465,0.10630147915448163
148,대전광역시,강동구,297476.0,122511.0,65893.0,67499.0,대전 강동,41.18349043284164,22.150694509809192,22.69056999556267,,,19.032795923032445,18.49292043727897,0.5398754857534769
149,울산광역시,종로구,102566.0,42512.0,22325.0,22313.0,울산 종로,41.44843320398572,21.766472320262075,21.75477253670807,,,19.681960883723647,19.69366066727765,-0.011699783554004028
150,울산광역시,중구,82852.0,34062.0,17901.0,19372.0,울산 중구,41.11186211557959,21.605996234249023,23.381451262492153,15.0,11.0,19.505865881330568,17.730410853087438,1.7754550282431296
151,울산광역시,용산구,148157.0,58081.0,35230.0,32109.0,울산 용산,39.202332660623526,23.778829214954406,21.672280081265143,,,15.42350344566912,17.530052579358383,-2.1065491336892634
152,울산광역시,성동구,203175.0,86686.0,40566.0,45674.0,울산 성동,42.66568229358927,19.966039128829827,22.48012796850006,,,22.699643164759443,20.18555432508921,2.514088839670233
153,울산광역시,광진구,240030.0,105512.0,46368.0,52824.0,울산 광진,43.957838603507895,19.31758530183727,22.00724909386327,,,24.640253301670626,21.950589509644626,2.689663792026
154,울산광역시,동대문구,236092.0,98958.0,51631.0,53359.0,울산 동대문,41.91501618013317,21.86901716280094,22.60093522863968,,,20.04599901733223,19.31408095149349,0.731918065838741
155,울산광역시,중랑구,265706.0,111450.0,56545.0,62778.0,울산 중랑,41.9448563449828,21.28103994640693,23.626865783986812,,,20.66381639857587,18.31799056099599,2.3458258375798806
156,울산광역시,성북구,295866.0,129263.0,57584.0,66518.0,울산 성북,43.6897108826293,19.462864945617273,22.482475174572272,,,24.226845937012026,21.207235708057027,3.019610228954999
157,울산광역시,강북구,210614.0,89645.0,42268.0,51669.0,울산 강북,42.563647240924155,20.068941285954402,24.532557189930394,,,22.494705954969753,18.03109005099376,4.463615903975992
158,울산광역시,도봉구,229233.0,94898.0,47461.0,55600.0,울산 도봉,41.39805350887525,20.70426160282333,24.254797520426816,,,20.69379190605192,17.143255988448434,3.5505359176034865
159,울산광역시,노원구,374213.0,158167.0,67590.0,96325.0,울산 노원,42.26657010846764,18.061905919890545,25.74068779010884,,,24.204664188577095,16.5258823183588,7.678781870218295
160,울산광역시,은평구,317275.0,140180.0,60109.0,72582.0,울산 은평,44.18249152943031,18.9453943739658,22.87668426443937,,,25.237097155464507,21.30580726499094,3.9312898904735682
161,울산광역시,서대문구,212076.0,93768.0,40513.0,46237.0,울산 서대문,44.214338256096866,19.103057394518945,21.802089816858107,,,25.11128086157792,22.41224843923876,2.6990324223391617
162,울산광역시,마포구,256992.0,117336.0,46547.0,52545.0,울산 마포,45.65745237205827,18.11223695679243,20.446161748225624,,,27.545215415265844,25.21129062383265,2.333924791433194
163,울산광역시,양천구,310886.0,133853.0,60814.0,71816.0,울산 양천,43.05533217964141,19.56151129352882,23.100429096196034,,,23.49382088611259,19.954903083445377,3.538917802667214
164,울산광역시,강서구,397108.0,175882.0,76601.0,88128.0,울산 강서,44.290721919477825,19.28971463682424,22.19245142379403,,,25.001007282653585,22.098270495683796,2.9027367869697898
165,울산광역시,구로구,278805.0,121077.0,59194.0,61734.0,울산 구로,43.42712648625383,21.23132655440182,22.1423575617367,,,22.19579993185201,21.284768924517135,0.9110310073348771
166,울산광역시,금천구,155010.0,67423.0,31106.0,36695.0,울산 금천,43.49590349009741,20.06709244564867,23.672666279594864,,,23.428811044448743,19.823237210502548,3.6055738339461954
167,울산광역시,영등포구,248833.0,105834.0,53615.0,53994.0,울산 영등포,42.53214002965844,21.546579432792274,21.698890420482815,,,20.98556059686617,20.833249609175628,0.15231098769054086
168,울산광역시,동작구,276685.0,121722.0,54431.0,60305.0,울산 동작,43.99298841643024,19.67255181885538,21.795543668793034,,,24.320436597574858,22.197444747637203,2.122991849937655
169,울산광역시,관악구,351240.0,159854.0,59914.0,79495.0,울산 관악,45.51133128345291,17.057852180845007,22.632672816307938,,,28.453479102607904,22.878658467144973,5.574820635462931
170,울산광역시,서초구,292916.0,106416.0,74891.0,63977.0,울산 서초,36.32986931406956,25.56739816193038,21.84141528629368,,,10.762471152139181,14.48845402777588,-3.7259828756366993
171,울산광역시,강남구,365642.0,128927.0,97639.0,80201.0,울산 강남,35.26044601003167,26.703442164740377,21.934296388270493,,,8.557003845291295,13.326149621761179,-4.769145776469884
172,울산광역시,송파구,441198.0,177328.0,98549.0,99018.0,울산 송파,40.192385278265085,22.33668330318814,22.44298478234262,,,17.855701975076947,17.749400495922465,0.10630147915448163
173,울산광역시,강동구,297476.0,122511.0,65893.0,67499.0,울산 강동,41.18349043284164,22.150694509809192,22.69056999556267,,,19.032795923032445,18.49292043727897,0.5398754857534769
174,세종특별자치시,종로구,102566.0,42512.0,22325.0,22313.0,종로,41.44843320398572,21.766472320262075,21.75477253670807,,,19.681960883723647,19.69366066727765,-0.011699783554004028
175,세종특별자치시,중구,82852.0,34062.0,17901.0,19372.0,중구,41.11186211557959,21.605996234249023,23.381451262492153,,,19.505865881330568,17.730410853087438,1.7754550282431296
176,세종특별자치시,용산구,148157.0,58081.0,35230.0,32109.0,용산,39.202332660623526,23.778829214954406,21.672280081265143,,,15.42350344566912,17.530052579358383,-2.1065491336892634
177,세종특별자치시,성동구,203175.0,86686.0,40566.0,45674.0,성동,42.66568229358927,19.966039128829827,22.48012796850006,,,22.699643164759443,20.18555432508921,2.514088839670233
178,세종특별자치시,광진구,240030.0,105512.0,46368.0,52824.0,광진,43.957838603507895,19.31758530183727,22.00724909386327,,,24.640253301670626,21.950589509644626,2.689663792026
179,세종특별자치시,동대문구,236092.0,98958.0,51631.0,53359.0,동대문,41.91501618013317,21.86901716280094,22.60093522863968,,,20.04599901733223,19.31408095149349,0.731918065838741
180,세종특별자치시,중랑구,265706.0,111450.0,56545.0,62778.0,중랑,41.9448563449828,21.28103994640693,23.626865783986812,,,20.66381639857587,18.31799056099599,2.3458258375798806
181,세종특별자치시,성북구,295866.0,129263.0,57584.0,66518.0,성북,43.6897108826293,19.462864945617273,22.482475174572272,,,24.226845937012026,21.207235708057027,3.019610228954999
182,세종특별자치시,강북구,210614.0,89645.0,42268.0,51669.0,강북,42.563647240924155,20.068941285954402,24.532557189930394,,,22.494705954969753,18.03109005099376,4.463615903975992
183,세종특별자치시,도봉구,229233.0,94898.0,47461.0,55600.0,도봉,41.39805350887525,20.70426160282333,24.254797520426816,,,20.69379190605192,17.143255988448434,3.5505359176034865
184,세종특별자치시,노원구,374213.0,158167.0,67590.0,96325.0,노원,42.26657010846764,18.061905919890545,25.74068779010884,,,24.204664188577095,16.5258823183588,7.678781870218295
185,세종특별자치시,은평구,317275.0,140180.0,60109.0,72582.0,은평,44.18249152943031,18.9453943739658,22.87668426443937,,,25.237097155464507,21.30580726499094,3.9312898904735682
186,세종특별자치시,서대문구,212076.0,93768.0,40513.0,46237.0,서대문,44.214338256096866,19.103057394518945,21.802089816858107,,,25.11128086157792,22.41224843923876,2.6990324223391617
187,세종특별자치시,마포구,256992.0,117336.0,46547.0,52545.0,마포,45.65745237205827,18.11223695679243,20.446161748225624,,,27.545215415265844,25.21129062383265,2.333924791433194
188,세종특별자치시,양천구,310886.0,133853.0,60814.0,71816.0,양천,43.05533217964141,19.56151129352882,23.100429096196034,,,23.49382088611259,19.954903083445377,3.538917802667214
189,세종특별자치시,강서구,397108.0,175882.0,76601.0,88128.0,강서,44.290721919477825,19.28971463682424,22.19245142379403,,,25.001007282653585,22.098270495683796,2.9027367869697898
190,세종특별자치시,구로구,278805.0,121077.0,59194.0,61734.0,구로,43.42712648625383,21.23132655440182,22.1423575617367,,,22.19579993185201,21.284768924517135,0.9110310073348771
191,세종특별자치시,금천구,155010.0,67423.0,31106.0,36695.0,금천,43.49590349009741,20.06709244564867,23.672666279594864,,,23.428811044448743,19.823237210502548,3.6055738339461954
192,세종특별자치시,영등포구,248833.0,105834.0,53615.0,53994.0,영등포,42.53214002965844,21.546579432792274,21.698890420482815,,,20.98556059686617,20.833249609175628,0.15231098769054086
193,세종특별자치시,동작구,276685.0,121722.0,54431.0,60305.0,동작,43.99298841643024,19.67255181885538,21.795543668793034,,,24.320436597574858,22.197444747637203,2.122991849937655
194,세종특별자치시,관악구,351240.0,159854.0,59914.0,79495.0,관악,45.51133128345291,17.057852180845007,22.632672816307938,,,28.453479102607904,22.878658467144973,5.574820635462931
195,세종특별자치시,서초구,292916.0,106416.0,74891.0,63977.0,서초,36.32986931406956,25.56739816193038,21.84141528629368,,,10.762471152139181,14.48845402777588,-3.7259828756366993
196,세종특별자치시,강남구,365642.0,128927.0,97639.0,80201.0,강남,35.26044601003167,26.703442164740377,21.934296388270493,,,8.557003845291295,13.326149621761179,-4.769145776469884
197,세종특별자치시,송파구,441198.0,177328.0,98549.0,99018.0,송파,40.192385278265085,22.33668330318814,22.44298478234262,,,17.855701975076947,17.749400495922465,0.10630147915448163
198,세종특별자치시,강동구,297476.0,122511.0,65893.0,67499.0,강동,41.18349043284164,22.150694509809192,22.69056999556267,,,19.032795923032445,18.49292043727897,0.5398754857534769
199,경기도,종로구,102566.0,42512.0,22325.0,22313.0,종로,41.44843320398572,21.766472320262075,21.75477253670807,,,19.681960883723647,19.69366066727765,-0.011699783554004028
200,경기도,중구,82852.0,34062.0,17901.0,19372.0,중구,41.11186211557959,21.605996234249023,23.381451262492153,,,19.505865881330568,17.730410853087438,1.7754550282431296
201,경기도,용산구,148157.0,58081.0,35230.0,32109.0,용산,39.202332660623526,23.778829214954406,21.672280081265143,,,15.42350344566912,17.530052579358383,-2.1065491336892634
202,경기도,성동구,203175.0,86686.0,40566.0,45674.0,성동,42.66568229358927,19.966039128829827,22.48012796850006,,,22.699643164759443,20.18555432508921,2.514088839670233
203,경기도,광진구,240030.0,105512.0,46368.0,52824.0,광진,43.957838603507895,19.31758530183727,22.00724909386327,,,24.640253301670626,21.950589509644626,2.689663792026
204,경기도,동대문구,236092.0,98958.0,51631.0,53359.0,동대문,41.91501618013317,21.86901716280094,22.60093522863968,,,20.04599901733223,19.31408095149349,0.731918065838741
205,경기도,중랑구,265706.0,111450.0,56545.0,62778.0,중랑,41.9448563449828,21.28103994640693,23.626865783986812,,,20.66381639857587,18.31799056099599,2.3458258375798806
206,경기도,성북구,295866.0,129263.0,57584.0,66518.0,성북,43.6897108826293,19.462864945617273,22.482475174572272,,,24.226845937012026,21.207235708057027,3.019610228954999
207,경기도,강북구,210614.0,89645.0,42268.0,51669.0,강북,42.563647240924155,20.068941285954402,24.532557189930394,,,22.494705954969753,18.03109005099376,4.463615903975992
208,경기도,도봉구,229233.0,94898.0,47461.0,55600.0,도봉,41.39805350887525,20.70426160282333,24.254797520426816,,,20.69379190605192,17.143255988448434,3.5505359176034865
209,경기도,노원구,374213.0,158167.0,67590.0,96325.0,노원,42.26657010846764,18.061905919890545,25.74068779010884,,,24.204664188577095,16.5258823183588,7.678781870218295
210,경기도,은평구,317275.0,140180.0,60109.0,72582.0,은평,44.18249152943031,18.9453943739658,22.87668426443937,,,25.237097155464507,21.30580726499094,3.9312898904735682
211,경기도,서대문구,212076.0,93768.0,40513.0,46237.0,서대문,44.214338256096866,19.103057394518945,21.802089816858107,,,25.11128086157792,22.41224843923876,2.6990324223391617
212,경기도,마포구,256992.0,117336.0,46547.0,52545.0,마포,45.65745237205827,18.11223695679243,20.446161748225624,,,27.545215415265844,25.21129062383265,2.333924791433194
213,경기도,양천구,310886.0,133853.0,60814.0,71816.0,양천,43.05533217964141,19.56151129352882,23.100429096196034,,,23.49382088611259,19.954903083445377,3.538917802667214
214,경기도,강서구,397108.0,175882.0,76601.0,88128.0,강서,44.290721919477825,19.28971463682424,22.19245142379403,,,25.001007282653585,22.098270495683796,2.9027367869697898
215,경기도,구로구,278805.0,121077.0,59194.0,61734.0,구로,43.42712648625383,21.23132655440182,22.1423575617367,,,22.19579993185201,21.284768924517135,0.9110310073348771
216,경기도,금천구,155010.0,67423.0,31106.0,36695.0,금천,43.49590349009741,20.06709244564867,23.672666279594864,,,23.428811044448743,19.823237210502548,3.6055738339461954
217,경기도,영등포구,248833.0,105834.0,53615.0,53994.0,영등포,42.53214002965844,21.546579432792274,21.698890420482815,,,20.98556059686617,20.833249609175628,0.15231098769054086
218,경기도,동작구,276685.0,121722.0,54431.0,60305.0,동작,43.99298841643024,19.67255181885538,21.795543668793034,,,24.320436597574858,22.197444747637203,2.122991849937655
219,경기도,관악구,351240.0,159854.0,59914.0,79495.0,관악,45.51133128345291,17.057852180845007,22.632672816307938,,,28.453479102607904,22.878658467144973,5.574820635462931
220,경기도,서초구,292916.0,106416.0,74891.0,63977.0,서초,36.32986931406956,25.56739816193038,21.84141528629368,,,10.762471152139181,14.48845402777588,-3.7259828756366993
221,경기도,강남구,365642.0,128927.0,97639.0,80201.0,강남,35.26044601003167,26.703442164740377,21.934296388270493,,,8.557003845291295,13.326149621761179,-4.769145776469884
222,경기도,송파구,441198.0,177328.0,98549.0,99018.0,송파,40.192385278265085,22.33668330318814,22.44298478234262,,,17.855701975076947,17.749400495922465,0.10630147915448163
223,경기도,강동구,297476.0,122511.0,65893.0,67499.0,강동,41.18349043284164,22.150694509809192,22.69056999556267,,,19.032795923032445,18.49292043727897,0.5398754857534769
224,강원도,종로구,102566.0,42512.0,22325.0,22313.0,종로,41.44843320398572,21.766472320262075,21.75477253670807,,,19.681960883723647,19.69366066727765,-0.011699783554004028
225,강원도,중구,82852.0,34062.0,17901.0,19372.0,중구,41.11186211557959,21.605996234249023,23.381451262492153,,,19.505865881330568,17.730410853087438,1.7754550282431296
226,강원도,용산구,148157.0,58081.0,35230.0,32109.0,용산,39.202332660623526,23.778829214954406,21.672280081265143,,,15.42350344566912,17.530052579358383,-2.1065491336892634
227,강원도,성동구,203175.0,86686.0,40566.0,45674.0,창원 합포,42.66568229358927,19.966039128829827,22.48012796850006,19.0,8.0,22.699643164759443,20.18555432508921,2.514088839670233
228,강원도,광진구,240030.0,105512.0,46368.0,52824.0,창원 회원,43.957838603507895,19.31758530183727,22.00724909386327,21.0,7.0,24.640253301670626,21.950589509644626,2.689663792026
229,강원도,동대문구,236092.0,98958.0,51631.0,53359.0,동대문,41.91501618013317,21.86901716280094,22.60093522863968,,,20.04599901733223,19.31408095149349,0.731918065838741
230,강원도,중랑구,265706.0,111450.0,56545.0,62778.0,중랑,41.9448563449828,21.28103994640693,23.626865783986812,,,20.66381639857587,18.31799056099599,2.3458258375798806
231,강원도,성북구,295866.0,129263.0,57584.0,66518.0,성북,43.6897108826293,19.462864945617273,22.482475174572272,,,24.226845937012026,21.207235708057027,3.019610228954999
232,강원도,강북구,210614.0,89645.0,42268.0,51669.0,고성(경남),42.563647240924155,20.068941285954402,24.532557189930394,22.0,7.0,22.494705954969753,18.03109005099376,4.463615903975992
233,강원도,도봉구,229233.0,94898.0,47461.0,55600.0,도봉,41.39805350887525,20.70426160282333,24.254797520426816,,,20.69379190605192,17.143255988448434,3.5505359176034865
234,강원도,노원구,374213.0,158167.0,67590.0,96325.0,노원,42.26657010846764,18.061905919890545,25.74068779010884,,,24.204664188577095,16.5258823183588,7.678781870218295
235,강원도,은평구,317275.0,140180.0,60109.0,72582.0,은평,44.18249152943031,18.9453943739658,22.87668426443937,,,25.237097155464507,21.30580726499094,3.9312898904735682
236,강원도,서대문구,212076.0,93768.0,40513.0,46237.0,서대문,44.214338256096866,19.103057394518945,21.802089816858107,,,25.11128086157792,22.41224843923876,2.6990324223391617
237,강원도,마포구,256992.0,117336.0,46547.0,52545.0,마포,45.65745237205827,18.11223695679243,20.446161748225624,,,27.545215415265844,25.21129062383265,2.333924791433194
238,강원도,양천구,310886.0,133853.0,60814.0,71816.0,양천,43.05533217964141,19.56151129352882,23.100429096196034,,,23.49382088611259,19.954903083445377,3.538917802667214
239,강원도,강서구,397108.0,175882.0,76601.0,88128.0,강서,44.290721919477825,19.28971463682424,22.19245142379403,,,25.001007282653585,22.098270495683796,2.9027367869697898
240,강원도,구로구,278805.0,121077.0,59194.0,61734.0,구로,43.42712648625383,21.23132655440182,22.1423575617367,,,22.19579993185201,21.284768924517135,0.9110310073348771
241,강원도,금천구,155010.0,67423.0,31106.0,36695.0,금천,43.49590349009741,20.06709244564867,23.672666279594864,,,23.428811044448743,19.823237210502548,3.6055738339461954
242,강원도,영등포구,248833.0,105834.0,53615.0,53994.0,영등포,42.53214002965844,21.546579432792274,21.698890420482815,,,20.98556059686617,20.833249609175628,0.15231098769054086
243,강원도,동작구,276685.0,121722.0,54431.0,60305.0,동작,43.99298841643024,19.67255181885538,21.795543668793034,,,24.320436597574858,22.197444747637203,2.122991849937655
244,강원도,관악구,351240.0,159854.0,59914.0,79495.0,관악,45.51133128345291,17.057852180845007,22.632672816307938,,,28.453479102607904,22.878658467144973,5.574820635462931
245,강원도,서초구,292916.0,106416.0,74891.0,63977.0,서초,36.32986931406956,25.56739816193038,21.84141528629368,,,10.762471152139181,14.48845402777588,-3.7259828756366993
246,강원도,강남구,365642.0,128927.0,97639.0,80201.0,강남,35.26044601003167,26.703442164740377,21.934296388270493,,,8.557003845291295,13.326149621761179,-4.769145776469884
247,강원도,송파구,441198.0,177328.0,98549.0,99018.0,송파,40.192385278265085,22.33668330318814,22.44298478234262,,,17.855701975076947,17.749400495922465,0.10630147915448163
248,강원도,강동구,297476.0,122511.0,65893.0,67499.0,강동,41.18349043284164,22.150694509809192,22.69056999556267,,,19.032795923032445,18.49292043727897,0.5398754857534769
249,32108.333333333332,22530.0,52722.333333333336,124737.66666666667,경기도,부천시,부천 소사,42.26657010846764,18.061905919890545,25.74068779010884,4.0,2.0,24.204664188577095,16.5258823183588,7.678781870218295
250,32108.333333333332,22530.0,52722.333333333336,124737.66666666667,경기도,부천시,부천 오정,42.26657010846764,18.061905919890545,25.74068779010884,6.0,2.0,24.204664188577095,16.5258823183588,7.678781870218295
251,32108.333333333332,22530.0,52722.333333333336,124737.66666666667,경기도,부천시,부천 원미,42.26657010846764,18.061905919890545,25.74068779010884,5.0,2.0,24.204664188577095,16.5258823183588,7.678781870218295
252,충청북도,성동구,203175.0,86686.0,40566.0,45674.0,성동,42.66568229358927,19.966039128829827,22.48012796850006,,,22.699643164759443,20.18555432508921,2.514088839670233
253,충청북도,광진구,240030.0,105512.0,46368.0,52824.0,광진,43.957838603507895,19.31758530183727,22.00724909386327,,,24.640253301670626,21.950589509644626,2.689663792026
254,충청북도,동대문구,236092.0,98958.0,51631.0,53359.0,동대문,41.91501618013317,21.86901716280094,22.60093522863968,,,20.04599901733223,19.31408095149349,0.731918065838741
255,충청북도,중랑구,265706.0,111450.0,56545.0,62778.0,중랑,41.9448563449828,21.28103994640693,23.626865783986812,,,20.66381639857587,18.31799056099599,2.3458258375798806
256,충청북도,성북구,295866.0,129263.0,57584.0,66518.0,성북,43.6897108826293,19.462864945617273,22.482475174572272,,,24.226845937012026,21.207235708057027,3.019610228954999
257,충청북도,강북구,210614.0,89645.0,42268.0,51669.0,강북,42.563647240924155,20.068941285954402,24.532557189930394,,,22.494705954969753,18.03109005099376,4.463615903975992
258,충청북도,도봉구,229233.0,94898.0,47461.0,55600.0,도봉,41.39805350887525,20.70426160282333,24.254797520426816,,,20.69379190605192,17.143255988448434,3.5505359176034865
259,충청북도,노원구,374213.0,158167.0,67590.0,96325.0,노원,42.26657010846764,18.061905919890545,25.74068779010884,,,24.204664188577095,16.5258823183588,7.678781870218295
260,충청북도,은평구,317275.0,140180.0,60109.0,72582.0,은평,44.18249152943031,18.9453943739658,22.87668426443937,,,25.237097155464507,21.30580726499094,3.9312898904735682
261,충청북도,서대문구,212076.0,93768.0,40513.0,46237.0,서대문,44.214338256096866,19.103057394518945,21.802089816858107,,,25.11128086157792,22.41224843923876,2.6990324223391617
262,충청북도,마포구,256992.0,117336.0,46547.0,52545.0,마포,45.65745237205827,18.11223695679243,20.446161748225624,,,27.545215415265844,25.21129062383265,2.333924791433194
263,충청북도,양천구,310886.0,133853.0,60814.0,71816.0,양천,43.05533217964141,19.56151129352882,23.100429096196034,,,23.49382088611259,19.954903083445377,3.538917802667214
264,충청북도,강서구,397108.0,175882.0,76601.0,88128.0,강서,44.290721919477825,19.28971463682424,22.19245142379403,,,25.001007282653585,22.098270495683796,2.9027367869697898
265,충청북도,구로구,278805.0,121077.0,59194.0,61734.0,구로,43.42712648625383,21.23132655440182,22.1423575617367,,,22.19579993185201,21.284768924517135,0.9110310073348771
266,충청북도,금천구,155010.0,67423.0,31106.0,36695.0,금천,43.49590349009741,20.06709244564867,23.672666279594864,,,23.428811044448743,19.823237210502548,3.6055738339461954
267,충청북도,영등포구,248833.0,105834.0,53615.0,53994.0,영등포,42.53214002965844,21.546579432792274,21.698890420482815,,,20.98556059686617,20.833249609175628,0.15231098769054086
268,충청북도,동작구,276685.0,121722.0,54431.0,60305.0,동작,43.99298841643024,19.67255181885538,21.795543668793034,,,24.320436597574858,22.197444747637203,2.122991849937655
269,충청북도,관악구,351240.0,159854.0,59914.0,79495.0,관악,45.51133128345291,17.057852180845007,22.632672816307938,,,28.453479102607904,22.878658467144973,5.574820635462931
270,충청북도,서초구,292916.0,106416.0,74891.0,63977.0,서초,36.32986931406956,25.56739816193038,21.84141528629368,,,10.762471152139181,14.48845402777588,-3.7259828756366993
271,충청북도,강남구,365642.0,128927.0,97639.0,80201.0,강남,35.26044601003167,26.703442164740377,21.934296388270493,,,8.557003845291295,13.326149621761179,-4.769145776469884
272,충청북도,송파구,441198.0,177328.0,98549.0,99018.0,송파,40.192385278265085,22.33668330318814,22.44298478234262,,,17.855701975076947,17.749400495922465,0.10630147915448163
273,충청북도,강동구,297476.0,122511.0,65893.0,67499.0,강동,41.18349043284164,22.150694509809192,22.69056999556267,,,19.032795923032445,18.49292043727897,0.5398754857534769
274,충청남도,종로구,102566.0,42512.0,22325.0,22313.0,종로,41.44843320398572,21.766472320262075,21.75477253670807,,,19.681960883723647,19.69366066727765,-0.011699783554004028
275,충청남도,중구,82852.0,34062.0,17901.0,19372.0,중구,41.11186211557959,21.605996234249023,23.381451262492153,,,19.505865881330568,17.730410853087438,1.7754550282431296
276,충청남도,용산구,148157.0,58081.0,35230.0,32109.0,용산,39.202332660623526,23.778829214954406,21.672280081265143,,,15.42350344566912,17.530052579358383,-2.1065491336892634
277,충청남도,성동구,203175.0,86686.0,40566.0,45674.0,성동,42.66568229358927,19.966039128829827,22.48012796850006,,,22.699643164759443,20.18555432508921,2.514088839670233
278,충청남도,광진구,240030.0,105512.0,46368.0,52824.0,광진,43.957838603507895,19.31758530183727,22.00724909386327,,,24.640253301670626,21.950589509644626,2.689663792026
279,충청남도,동대문구,236092.0,98958.0,51631.0,53359.0,동대문,41.91501618013317,21.86901716280094,22.60093522863968,,,20.04599901733223,19.31408095149349,0.731918065838741
280,충청남도,중랑구,265706.0,111450.0,56545.0,62778.0,중랑,41.9448563449828,21.28103994640693,23.626865783986812,,,20.66381639857587,18.31799056099599,2.3458258375798806
281,충청남도,성북구,295866.0,129263.0,57584.0,66518.0,성북,43.6897108826293,19.462864945617273,22.482475174572272,,,24.226845937012026,21.207235708057027,3.019610228954999
282,충청남도,강북구,210614.0,89645.0,42268.0,51669.0,강북,42.563647240924155,20.068941285954402,24.532557189930394,,,22.494705954969753,18.03109005099376,4.463615903975992
283,충청남도,도봉구,229233.0,94898.0,47461.0,55600.0,도봉,41.39805350887525,20.70426160282333,24.254797520426816,,,20.69379190605192,17.143255988448434,3.5505359176034865
284,충청남도,노원구,374213.0,158167.0,67590.0,96325.0,노원,42.26657010846764,18.061905919890545,25.74068779010884,,,24.204664188577095,16.5258823183588,7.678781870218295
285,충청남도,은평구,317275.0,140180.0,60109.0,72582.0,은평,44.18249152943031,18.9453943739658,22.87668426443937,,,25.237097155464507,21.30580726499094,3.9312898904735682
286,충청남도,서대문구,212076.0,93768.0,40513.0,46237.0,서대문,44.214338256096866,19.103057394518945,21.802089816858107,,,25.11128086157792,22.41224843923876,2.6990324223391617
287,충청남도,마포구,256992.0,117336.0,46547.0,52545.0,마포,45.65745237205827,18.11223695679243,20.446161748225624,,,27.545215415265844,25.21129062383265,2.333924791433194
288,충청남도,양천구,310886.0,133853.0,60814.0,71816.0,양천,43.05533217964141,19.56151129352882,23.100429096196034,,,23.49382088611259,19.954903083445377,3.538917802667214
289,충청남도,강서구,397108.0,175882.0,76601.0,88128.0,강서,44.290721919477825,19.28971463682424,22.19245142379403,,,25.001007282653585,22.098270495683796,2.9027367869697898
290,충청남도,구로구,278805.0,121077.0,59194.0,61734.0,구로,43.42712648625383,21.23132655440182,22.1423575617367,,,22.19579993185201,21.284768924517135,0.9110310073348771
291,충청남도,금천구,155010.0,67423.0,31106.0,36695.0,금천,43.49590349009741,20.06709244564867,23.672666279594864,,,23.428811044448743,19.823237210502548,3.6055738339461954
292,충청남도,영등포구,248833.0,105834.0,53615.0,53994.0,영등포,42.53214002965844,21.546579432792274,21.698890420482815,,,20.98556059686617,20.833249609175628,0.15231098769054086
293,충청남도,동작구,276685.0,121722.0,54431.0,60305.0,동작,43.99298841643024,19.67255181885538,21.795543668793034,,,24.320436597574858,22.197444747637203,2.122991849937655
294,충청남도,관악구,351240.0,159854.0,59914.0,79495.0,관악,45.51133128345291,17.057852180845007,22.632672816307938,,,28.453479102607904,22.878658467144973,5.574820635462931
295,충청남도,서초구,292916.0,106416.0,74891.0,63977.0,서초,36.32986931406956,25.56739816193038,21.84141528629368,,,10.762471152139181,14.48845402777588,-3.7259828756366993
296,충청남도,강남구,365642.0,128927.0,97639.0,80201.0,강남,35.26044601003167,26.703442164740377,21.934296388270493,,,8.557003845291295,13.326149621761179,-4.769145776469884
297,충청남도,송파구,441198.0,177328.0,98549.0,99018.0,송파,40.192385278265085,22.33668330318814,22.44298478234262,,,17.855701975076947,17.749400495922465,0.10630147915448163
298,충청남도,강동구,297476.0,122511.0,65893.0,67499.0,강동,41.18349043284164,22.150694509809192,22.69056999556267,,,19.032795923032445,18.49292043727897,0.5398754857534769
299,전라북도,종로구,102566.0,42512.0,22325.0,22313.0,종로,41.44843320398572,21.766472320262075,21.75477253670807,,,19.681960883723647,19.69366066727765,-0.011699783554004028
300,전라북도,중구,82852.0,34062.0,17901.0,19372.0,중구,41.11186211557959,21.605996234249023,23.381451262492153,,,19.505865881330568,17.730410853087438,1.7754550282431296
301,전라북도,용산구,148157.0,58081.0,35230.0,32109.0,용산,39.202332660623526,23.778829214954406,21.672280081265143,,,15.42350344566912,17.530052579358383,-2.1065491336892634
302,전라북도,성동구,203175.0,86686.0,40566.0,45674.0,성동,42.66568229358927,19.966039128829827,22.48012796850006,,,22.699643164759443,20.18555432508921,2.514088839670233
303,전라북도,광진구,240030.0,105512.0,46368.0,52824.0,광진,43.957838603507895,19.31758530183727,22.00724909386327,,,24.640253301670626,21.950589509644626,2.689663792026
304,전라북도,동대문구,236092.0,98958.0,51631.0,53359.0,동대문,41.91501618013317,21.86901716280094,22.60093522863968,,,20.04599901733223,19.31408095149349,0.731918065838741
305,전라북도,중랑구,265706.0,111450.0,56545.0,62778.0,중랑,41.9448563449828,21.28103994640693,23.626865783986812,,,20.66381639857587,18.31799056099599,2.3458258375798806
306,전라북도,성북구,295866.0,129263.0,57584.0,66518.0,성북,43.6897108826293,19.462864945617273,22.482475174572272,,,24.226845937012026,21.207235708057027,3.019610228954999
307,전라북도,강북구,210614.0,89645.0,42268.0,51669.0,강북,42.563647240924155,20.068941285954402,24.532557189930394,,,22.494705954969753,18.03109005099376,4.463615903975992
308,전라북도,도봉구,229233.0,94898.0,47461.0,55600.0,도봉,41.39805350887525,20.70426160282333,24.254797520426816,,,20.69379190605192,17.143255988448434,3.5505359176034865
309,전라북도,노원구,374213.0,158167.0,67590.0,96325.0,노원,42.26657010846764,18.061905919890545,25.74068779010884,,,24.204664188577095,16.5258823183588,7.678781870218295
310,전라북도,은평구,317275.0,140180.0,60109.0,72582.0,은평,44.18249152943031,18.9453943739658,22.87668426443937,,,25.237097155464507,21.30580726499094,3.9312898904735682
311,전라북도,서대문구,212076.0,93768.0,40513.0,46237.0,서대문,44.214338256096866,19.103057394518945,21.802089816858107,,,25.11128086157792,22.41224843923876,2.6990324223391617
312,전라북도,마포구,256992.0,117336.0,46547.0,52545.0,마포,45.65745237205827,18.11223695679243,20.446161748225624,,,27.545215415265844,25.21129062383265,2.333924791433194
313,전라북도,양천구,310886.0,133853.0,60814.0,71816.0,양천,43.05533217964141,19.56151129352882,23.100429096196034,,,23.49382088611259,19.954903083445377,3.538917802667214
314,전라북도,강서구,397108.0,175882.0,76601.0,88128.0,강서,44.290721919477825,19.28971463682424,22.19245142379403,,,25.001007282653585,22.098270495683796,2.9027367869697898
315,전라북도,구로구,278805.0,121077.0,59194.0,61734.0,구로,43.42712648625383,21.23132655440182,22.1423575617367,,,22.19579993185201,21.284768924517135,0.9110310073348771
316,전라북도,금천구,155010.0,67423.0,31106.0,36695.0,금천,43.49590349009741,20.06709244564867,23.672666279594864,,,23.428811044448743,19.823237210502548,3.6055738339461954
317,전라북도,영등포구,248833.0,105834.0,53615.0,53994.0,영등포,42.53214002965844,21.546579432792274,21.698890420482815,,,20.98556059686617,20.833249609175628,0.15231098769054086
318,전라북도,동작구,276685.0,121722.0,54431.0,60305.0,동작,43.99298841643024,19.67255181885538,21.795543668793034,,,24.320436597574858,22.197444747637203,2.122991849937655
319,전라북도,관악구,351240.0,159854.0,59914.0,79495.0,관악,45.51133128345291,17.057852180845007,22.632672816307938,,,28.453479102607904,22.878658467144973,5.574820635462931
320,전라북도,서초구,292916.0,106416.0,74891.0,63977.0,서초,36.32986931406956,25.56739816193038,21.84141528629368,,,10.762471152139181,14.48845402777588,-3.7259828756366993
321,전라북도,강남구,365642.0,128927.0,97639.0,80201.0,강남,35.26044601003167,26.703442164740377,21.934296388270493,,,8.557003845291295,13.326149621761179,-4.769145776469884
322,전라북도,송파구,441198.0,177328.0,98549.0,99018.0,송파,40.192385278265085,22.33668330318814,22.44298478234262,,,17.855701975076947,17.749400495922465,0.10630147915448163
323,전라북도,강동구,297476.0,122511.0,65893.0,67499.0,강동,41.18349043284164,22.150694509809192,22.69056999556267,,,19.032795923032445,18.49292043727897,0.5398754857534769
324,전라남도,종로구,102566.0,42512.0,22325.0,22313.0,종로,41.44843320398572,21.766472320262075,21.75477253670807,,,19.681960883723647,19.69366066727765,-0.011699783554004028
325,전라남도,중구,82852.0,34062.0,17901.0,19372.0,중구,41.11186211557959,21.605996234249023,23.381451262492153,,,19.505865881330568,17.730410853087438,1.7754550282431296
326,전라남도,용산구,148157.0,58081.0,35230.0,32109.0,용산,39.202332660623526,23.778829214954406,21.672280081265143,,,15.42350344566912,17.530052579358383,-2.1065491336892634
327,전라남도,성동구,203175.0,86686.0,40566.0,45674.0,성동,42.66568229358927,19.966039128829827,22.48012796850006,,,22.699643164759443,20.18555432508921,2.514088839670233
328,전라남도,광진구,240030.0,105512.0,46368.0,52824.0,광진,43.957838603507895,19.31758530183727,22.00724909386327,,,24.640253301670626,21.950589509644626,2.689663792026
329,전라남도,동대문구,236092.0,98958.0,51631.0,53359.0,동대문,41.91501618013317,21.86901716280094,22.60093522863968,,,20.04599901733223,19.31408095149349,0.731918065838741
330,전라남도,중랑구,265706.0,111450.0,56545.0,62778.0,중랑,41.9448563449828,21.28103994640693,23.626865783986812,,,20.66381639857587,18.31799056099599,2.3458258375798806
331,전라남도,성북구,295866.0,129263.0,57584.0,66518.0,성북,43.6897108826293,19.462864945617273,22.482475174572272,,,24.226845937012026,21.207235708057027,3.019610228954999
332,전라남도,강북구,210614.0,89645.0,42268.0,51669.0,강북,42.563647240924155,20.068941285954402,24.532557189930394,,,22.494705954969753,18.03109005099376,4.463615903975992
333,전라남도,도봉구,229233.0,94898.0,47461.0,55600.0,도봉,41.39805350887525,20.70426160282333,24.254797520426816,,,20.69379190605192,17.143255988448434,3.5505359176034865
334,전라남도,노원구,374213.0,158167.0,67590.0,96325.0,노원,42.26657010846764,18.061905919890545,25.74068779010884,,,24.204664188577095,16.5258823183588,7.678781870218295
335,전라남도,은평구,317275.0,140180.0,60109.0,72582.0,은평,44.18249152943031,18.9453943739658,22.87668426443937,,,25.237097155464507,21.30580726499094,3.9312898904735682
336,전라남도,서대문구,212076.0,93768.0,40513.0,46237.0,서대문,44.214338256096866,19.103057394518945,21.802089816858107,,,25.11128086157792,22.41224843923876,2.6990324223391617
337,전라남도,마포구,256992.0,117336.0,46547.0,52545.0,마포,45.65745237205827,18.11223695679243,20.446161748225624,,,27.545215415265844,25.21129062383265,2.333924791433194
338,전라남도,양천구,310886.0,133853.0,60814.0,71816.0,양천,43.05533217964141,19.56151129352882,23.100429096196034,,,23.49382088611259,19.954903083445377,3.538917802667214
339,전라남도,강서구,397108.0,175882.0,76601.0,88128.0,강서,44.290721919477825,19.28971463682424,22.19245142379403,,,25.001007282653585,22.098270495683796,2.9027367869697898
340,전라남도,구로구,278805.0,121077.0,59194.0,61734.0,구로,43.42712648625383,21.23132655440182,22.1423575617367,,,22.19579993185201,21.284768924517135,0.9110310073348771
341,전라남도,금천구,155010.0,67423.0,31106.0,36695.0,금천,43.49590349009741,20.06709244564867,23.672666279594864,,,23.428811044448743,19.823237210502548,3.6055738339461954
342,전라남도,영등포구,248833.0,105834.0,53615.0,53994.0,영등포,42.53214002965844,21.546579432792274,21.698890420482815,,,20.98556059686617,20.833249609175628,0.15231098769054086
343,전라남도,동작구,276685.0,121722.0,54431.0,60305.0,동작,43.99298841643024,19.67255181885538,21.795543668793034,,,24.320436597574858,22.197444747637203,2.122991849937655
344,전라남도,관악구,351240.0,159854.0,59914.0,79495.0,관악,45.51133128345291,17.057852180845007,22.632672816307938,,,28.453479102607904,22.878658467144973,5.574820635462931
345,전라남도,서초구,292916.0,106416.0,74891.0,63977.0,서초,36.32986931406956,25.56739816193038,21.84141528629368,,,10.762471152139181,14.48845402777588,-3.7259828756366993
346,전라남도,강남구,365642.0,128927.0,97639.0,80201.0,강남,35.26044601003167,26.703442164740377,21.934296388270493,,,8.557003845291295,13.326149621761179,-4.769145776469884
347,전라남도,송파구,441198.0,177328.0,98549.0,99018.0,송파,40.192385278265085,22.33668330318814,22.44298478234262,,,17.855701975076947,17.749400495922465,0.10630147915448163
348,전라남도,강동구,297476.0,122511.0,65893.0,67499.0,강동,41.18349043284164,22.150694509809192,22.69056999556267,,,19.032795923032445,18.49292043727897,0.5398754857534769
349,경상북도,종로구,102566.0,42512.0,22325.0,22313.0,종로,41.44843320398572,21.766472320262075,21.75477253670807,,,19.681960883723647,19.69366066727765,-0.011699783554004028
350,경상북도,중구,82852.0,34062.0,17901.0,19372.0,중구,41.11186211557959,21.605996234249023,23.381451262492153,,,19.505865881330568,17.730410853087438,1.7754550282431296
351,경상북도,용산구,148157.0,58081.0,35230.0,32109.0,용산,39.202332660623526,23.778829214954406,21.672280081265143,,,15.42350344566912,17.530052579358383,-2.1065491336892634
352,경상북도,성동구,203175.0,86686.0,40566.0,45674.0,성동,42.66568229358927,19.966039128829827,22.48012796850006,,,22.699643164759443,20.18555432508921,2.514088839670233
353,경상북도,광진구,240030.0,105512.0,46368.0,52824.0,광진,43.957838603507895,19.31758530183727,22.00724909386327,,,24.640253301670626,21.950589509644626,2.689663792026
354,경상북도,동대문구,236092.0,98958.0,51631.0,53359.0,동대문,41.91501618013317,21.86901716280094,22.60093522863968,,,20.04599901733223,19.31408095149349,0.731918065838741
355,경상북도,중랑구,265706.0,111450.0,56545.0,62778.0,중랑,41.9448563449828,21.28103994640693,23.626865783986812,,,20.66381639857587,18.31799056099599,2.3458258375798806
356,경상북도,성북구,295866.0,129263.0,57584.0,66518.0,성북,43.6897108826293,19.462864945617273,22.482475174572272,,,24.226845937012026,21.207235708057027,3.019610228954999
357,경상북도,강북구,210614.0,89645.0,42268.0,51669.0,강북,42.563647240924155,20.068941285954402,24.532557189930394,,,22.494705954969753,18.03109005099376,4.463615903975992
358,경상북도,도봉구,229233.0,94898.0,47461.0,55600.0,도봉,41.39805350887525,20.70426160282333,24.254797520426816,,,20.69379190605192,17.143255988448434,3.5505359176034865
359,경상북도,노원구,374213.0,158167.0,67590.0,96325.0,노원,42.26657010846764,18.061905919890545,25.74068779010884,,,24.204664188577095,16.5258823183588,7.678781870218295
360,경상북도,은평구,317275.0,140180.0,60109.0,72582.0,은평,44.18249152943031,18.9453943739658,22.87668426443937,,,25.237097155464507,21.30580726499094,3.9312898904735682
361,경상북도,서대문구,212076.0,93768.0,40513.0,46237.0,서대문,44.214338256096866,19.103057394518945,21.802089816858107,,,25.11128086157792,22.41224843923876,2.6990324223391617
362,경상북도,마포구,256992.0,117336.0,46547.0,52545.0,마포,45.65745237205827,18.11223695679243,20.446161748225624,,,27.545215415265844,25.21129062383265,2.333924791433194
363,경상북도,양천구,310886.0,133853.0,60814.0,71816.0,양천,43.05533217964141,19.56151129352882,23.100429096196034,,,23.49382088611259,19.954903083445377,3.538917802667214
364,경상북도,강서구,397108.0,175882.0,76601.0,88128.0,강서,44.290721919477825,19.28971463682424,22.19245142379403,,,25.001007282653585,22.098270495683796,2.9027367869697898
365,경상북도,구로구,278805.0,121077.0,59194.0,61734.0,구로,43.42712648625383,21.23132655440182,22.1423575617367,,,22.19579993185201,21.284768924517135,0.9110310073348771
366,경상북도,금천구,155010.0,67423.0,31106.0,36695.0,금천,43.49590349009741,20.06709244564867,23.672666279594864,,,23.428811044448743,19.823237210502548,3.6055738339461954
367,경상북도,영등포구,248833.0,105834.0,53615.0,53994.0,영등포,42.53214002965844,21.546579432792274,21.698890420482815,,,20.98556059686617,20.833249609175628,0.15231098769054086
368,경상북도,동작구,276685.0,121722.0,54431.0,60305.0,동작,43.99298841643024,19.67255181885538,21.795543668793034,,,24.320436597574858,22.197444747637203,2.122991849937655
369,경상북도,관악구,351240.0,159854.0,59914.0,79495.0,관악,45.51133128345291,17.057852180845007,22.632672816307938,,,28.453479102607904,22.878658467144973,5.574820635462931
370,경상북도,서초구,292916.0,106416.0,74891.0,63977.0,서초,36.32986931406956,25.56739816193038,21.84141528629368,,,10.762471152139181,14.48845402777588,-3.7259828756366993
371,경상북도,강남구,365642.0,128927.0,97639.0,80201.0,강남,35.26044601003167,26.703442164740377,21.934296388270493,,,8.557003845291295,13.326149621761179,-4.769145776469884
372,경상북도,송파구,441198.0,177328.0,98549.0,99018.0,송파,40.192385278265085,22.33668330318814,22.44298478234262,,,17.855701975076947,17.749400495922465,0.10630147915448163
373,경상북도,강동구,297476.0,122511.0,65893.0,67499.0,강동,41.18349043284164,22.150694509809192,22.69056999556267,,,19.032795923032445,18.49292043727897,0.5398754857534769
374,경상남도,종로구,102566.0,42512.0,22325.0,22313.0,종로,41.44843320398572,21.766472320262075,21.75477253670807,,,19.681960883723647,19.69366066727765,-0.011699783554004028
375,경상남도,중구,82852.0,34062.0,17901.0,19372.0,중구,41.11186211557959,21.605996234249023,23.381451262492153,,,19.505865881330568,17.730410853087438,1.7754550282431296
376,경상남도,용산구,148157.0,58081.0,35230.0,32109.0,용산,39.202332660623526,23.778829214954406,21.672280081265143,,,15.42350344566912,17.530052579358383,-2.1065491336892634
377,경상남도,성동구,203175.0,86686.0,40566.0,45674.0,성동,42.66568229358927,19.966039128829827,22.48012796850006,,,22.699643164759443,20.18555432508921,2.514088839670233
378,경상남도,광진구,240030.0,105512.0,46368.0,52824.0,광진,43.957838603507895,19.31758530183727,22.00724909386327,,,24.640253301670626,21.950589509644626,2.689663792026
379,경상남도,동대문구,236092.0,98958.0,51631.0,53359.0,동대문,41.91501618013317,21.86901716280094,22.60093522863968,,,20.04599901733223,19.31408095149349,0.731918065838741
380,경상남도,중랑구,265706.0,111450.0,56545.0,62778.0,중랑,41.9448563449828,21.28103994640693,23.626865783986812,,,20.66381639857587,18.31799056099599,2.3458258375798806
381,경상남도,성북구,295866.0,129263.0,57584.0,66518.0,성북,43.6897108826293,19.462864945617273,22.482475174572272,,,24.226845937012026,21.207235708057027,3.019610228954999
382,경상남도,강북구,210614.0,89645.0,42268.0,51669.0,강북,42.563647240924155,20.068941285954402,24.532557189930394,,,22.494705954969753,18.03109005099376,4.463615903975992
383,경상남도,도봉구,229233.0,94898.0,47461.0,55600.0,도봉,41.39805350887525,20.70426160282333,24.254797520426816,,,20.69379190605192,17.143255988448434,3.5505359176034865
384,경상남도,노원구,374213.0,158167.0,67590.0,96325.0,노원,42.26657010846764,18.061905919890545,25.74068779010884,,,24.204664188577095,16.5258823183588,7.678781870218295
385,경상남도,은평구,317275.0,140180.0,60109.0,72582.0,은평,44.18249152943031,18.9453943739658,22.87668426443937,,,25.237097155464507,21.30580726499094,3.9312898904735682
386,경상남도,서대문구,212076.0,93768.0,40513.0,46237.0,서대문,44.214338256096866,19.103057394518945,21.802089816858107,,,25.11128086157792,22.41224843923876,2.6990324223391617
387,경상남도,마포구,256992.0,117336.0,46547.0,52545.0,마포,45.65745237205827,18.11223695679243,20.446161748225624,,,27.545215415265844,25.21129062383265,2.333924791433194
388,경상남도,양천구,310886.0,133853.0,60814.0,71816.0,양천,43.05533217964141,19.56151129352882,23.100429096196034,,,23.49382088611259,19.954903083445377,3.538917802667214
389,경상남도,강서구,397108.0,175882.0,76601.0,88128.0,강서,44.290721919477825,19.28971463682424,22.19245142379403,,,25.001007282653585,22.098270495683796,2.9027367869697898
390,경상남도,구로구,278805.0,121077.0,59194.0,61734.0,구로,43.42712648625383,21.23132655440182,22.1423575617367,,,22.19579993185201,21.284768924517135,0.9110310073348771
391,경상남도,금천구,155010.0,67423.0,31106.0,36695.0,금천,43.49590349009741,20.06709244564867,23.672666279594864,,,23.428811044448743,19.823237210502548,3.6055738339461954
392,경상남도,영등포구,248833.0,105834.0,53615.0,53994.0,영등포,42.53214002965844,21.546579432792274,21.698890420482815,,,20.98556059686617,20.833249609175628,0.15231098769054086
393,경상남도,동작구,276685.0,121722.0,54431.0,60305.0,동작,43.99298841643024,19.67255181885538,21.795543668793034,,,24.320436597574858,22.197444747637203,2.122991849937655
394,경상남도,관악구,351240.0,159854.0,59914.0,79495.0,관악,45.51133128345291,17.057852180845007,22.632672816307938,,,28.453479102607904,22.878658467144973,5.574820635462931
395,경상남도,서초구,292916.0,106416.0,74891.0,63977.0,서초,36.32986931406956,25.56739816193038,21.84141528629368,,,10.762471152139181,14.48845402777588,-3.7259828756366993
396,경상남도,강남구,365642.0,128927.0,97639.0,80201.0,강남,35.26044601003167,26.703442164740377,21.934296388270493,,,8.557003845291295,13.326149621761179,-4.769145776469884
397,경상남도,송파구,441198.0,177328.0,98549.0,99018.0,송파,40.192385278265085,22.33668330318814,22.44298478234262,,,17.855701975076947,17.749400495922465,0.10630147915448163
398,경상남도,강동구,297476.0,122511.0,65893.0,67499.0,강동,41.18349043284164,22.150694509809192,22.69056999556267,,,19.032795923032445,18.49292043727897,0.5398754857534769
399,제주특별자치도,종로구,102566.0,42512.0,22325.0,22313.0,종로,41.44843320398572,21.766472320262075,21.75477253670807,,,19.681960883723647,19.69366066727765,-0.011699783554004028
400,제주특별자치도,중구,82852.0,34062.0,17901.0,19372.0,중구,41.11186211557959,21.605996234249023,23.381451262492153,,,19.505865881330568,17.730410853087438,1.7754550282431296
401,제주특별자치도,용산구,148157.0,58081.0,35230.0,32109.0,용산,39.202332660623526,23.778829214954406,21.672280081265143,,,15.42350344566912,17.530052579358383,-2.1065491336892634
402,제주특별자치도,성동구,203175.0,86686.0,40566.0,45674.0,성동,42.66568229358927,19.966039128829827,22.48012796850006,,,22.699643164759443,20.18555432508921,2.514088839670233
403,제주특별자치도,광진구,240030.0,105512.0,46368.0,52824.0,광진,43.957838603507895,19.31758530183727,22.00724909386327,,,24.640253301670626,21.950589509644626,2.689663792026
404,제주특별자치도,동대문구,236092.0,98958.0,51631.0,53359.0,동대문,41.91501618013317,21.86901716280094,22.60093522863968,,,20.04599901733223,19.31408095149349,0.731918065838741
405,제주특별자치도,중랑구,265706.0,111450.0,56545.0,62778.0,중랑,41.9448563449828,21.28103994640693,23.626865783986812,,,20.66381639857587,18.31799056099599,2.3458258375798806
406,제주특별자치도,성북구,295866.0,129263.0,57584.0,66518.0,성북,43.6897108826293,19.462864945617273,22.482475174572272,,,24.226845937012026,21.207235708057027,3.019610228954999
407,제주특별자치도,강북구,210614.0,89645.0,42268.0,51669.0,강북,42.563647240924155,20.068941285954402,24.532557189930394,,,22.494705954969753,18.03109005099376,4.463615903975992
408,제주특별자치도,도봉구,229233.0,94898.0,47461.0,55600.0,도봉,41.39805350887525,20.70426160282333,24.254797520426816,,,20.69379190605192,17.143255988448434,3.5505359176034865
409,제주특별자치도,노원구,374213.0,158167.0,67590.0,96325.0,노원,42.26657010846764,18.061905919890545,25.74068779010884,,,24.204664188577095,16.5258823183588,7.678781870218295
410,제주특별자치도,은평구,317275.0,140180.0,60109.0,72582.0,은평,44.18249152943031,18.9453943739658,22.87668426443937,,,25.237097155464507,21.30580726499094,3.9312898904735682
411,제주특별자치도,서대문구,212076.0,93768.0,40513.0,46237.0,서대문,44.214338256096866,19.103057394518945,21.802089816858107,,,25.11128086157792,22.41224843923876,2.6990324223391617
412,제주특별자치도,마포구,256992.0,117336.0,46547.0,52545.0,마포,45.65745237205827,18.11223695679243,20.446161748225624,,,27.545215415265844,25.21129062383265,2.333924791433194
413,제주특별자치도,양천구,310886.0,133853.0,60814.0,71816.0,양천,43.05533217964141,19.56151129352882,23.100429096196034,,,23.49382088611259,19.954903083445377,3.538917802667214
414,제주특별자치도,강서구,397108.0,175882.0,76601.0,88128.0,강서,44.290721919477825,19.28971463682424,22.19245142379403,,,25.001007282653585,22.098270495683796,2.9027367869697898
415,제주특별자치도,구로구,278805.0,121077.0,59194.0,61734.0,구로,43.42712648625383,21.23132655440182,22.1423575617367,,,22.19579993185201,21.284768924517135,0.9110310073348771
416,제주특별자치도,금천구,155010.0,67423.0,31106.0,36695.0,금천,43.49590349009741,20.06709244564867,23.672666279594864,,,23.428811044448743,19.823237210502548,3.6055738339461954
417,제주특별자치도,영등포구,248833.0,105834.0,53615.0,53994.0,영등포,42.53214002965844,21.546579432792274,21.698890420482815,,,20.98556059686617,20.833249609175628,0.15231098769054086
418,제주특별자치도,동작구,276685.0,121722.0,54431.0,60305.0,동작,43.99298841643024,19.67255181885538,21.795543668793034,,,24.320436597574858,22.197444747637203,2.122991849937655
419,제주특별자치도,관악구,351240.0,159854.0,59914.0,79495.0,관악,45.51133128345291,17.057852180845007,22.632672816307938,,,28.453479102607904,22.878658467144973,5.574820635462931
420,제주특별자치도,서초구,292916.0,106416.0,74891.0,63977.0,서초,36.32986931406956,25.56739816193038,21.84141528629368,,,10.762471152139181,14.48845402777588,-3.7259828756366993
421,제주특별자치도,강남구,365642.0,128927.0,97639.0,80201.0,강남,35.26044601003167,26.703442164740377,21.934296388270493,,,8.557003845291295,13.326149621761179,-4.769145776469884
422,제주특별자치도,송파구,441198.0,177328.0,98549.0,99018.0,송파,40.192385278265085,22.33668330318814,22.44298478234262,,,17.855701975076947,17.749400495922465,0.10630147915448163
423,제주특별자치도,강동구,297476.0,122511.0,65893.0,67499.0,강동,41.18349043284164,22.150694509809192,22.69056999556267,,,19.032795923032445,18.49292043727897,0.5398754857534769
